0.1859
0.21805
0.13314
0.23304
0.29525
0.1491
0.17077
0.098349
0.15656
0.14259
0.2896
0.36003
0.33143
0.12308
0.22597
0.20373
0.23055
0.18301
0.22619
0.17323
0.10509
0.10998
0.26371
0.30068
0.33835
0.15108
0.14692
0.17628
0.17351
0.21022
0.21341
0.096848
0.17658
0.16161
0.14709
0.15104
0.18
0.071456
0.20078
0.21287
0.21422
0.28574
0.21186
0.14908
0.23112
0.37438
0.21533
0.27447
0.099271
0.15638
0.12321
0.27214
0.82624
0.11845
0.25591
0.25585
0.21401
0.14903
0.15217
0.19214
0.87843
0.24734
0.24649
0.17579
0.2558
0.18337
0.15726
0.41595
0.15046
0.23657
0.24456
0.25549
0.33072
0.13088
0.28551
0.14926
0.1845

0.51281
0.20782
0.12738
0.25099
0.33649
0.27201
0.1665
0.25483
0.11604
0.20557
0.20834
0.22852
0.36332
0.26535
0.28954
0.21311
0.17407
0.15611
0.24263
0.10233
0.33737
0.12154
0.16198
0.16167
0.25089
0.21459
0.41405
0.39972
0.26775
0.48466
0.16914
0.2142
0.30233
0.17183
0.26461
0.15563
0.21793
0.34586
0.21993
0.26379
0.38694
0.19294
0.30389
0.35781
0.21481
0.22836
0.37512
0.31925
0.26534
0.20719
0.269
0.18056
0.29541
0.29426
0.32278
0.16841
0.2484
0.14292
0.039208
0.25341
0.21381
0.14673
0.11793
0.13548
0.11713
0.10951
0.14277
0.13777
0.19417
0.050937
0.059106
0.2768
0.13966
0.24286
0.26555
0.29865
0.27876
0.17518
0.21188
0.14228
0.20475
0.26521
0.22441
0.093082
0.17303
0.2492
0.17144
0.12585
0.17288
0.13485
0.27556
0.11425
0.17273
0.11889
0.25726
0.20516
0.40947
0.082402
0.10959
0.1553
0.17499
0.12418
0.19976
0.1436
0.25179
0.2006
0.25358
0.16791
0.13464
0.1727
0.19001
0.19641
0.30959
0.089373
0.40196
0.24422
0.2173
0.17418
0.2614
0.13611
0.41412
0.14658
0.19599
0.15866
0.27328
0.23629
0.033714
0.13334
0.19469
0.34099
0.20313
0.24557
0.040332
0.18429
0.18745
0.45758
0.14926
0.20624
0.13255
0.15002
0.21491
0.16654
0.16744
0.047081
0.11048
0.16649
0.15149
0.068154
0.15774
0.22754
0.18114
0.23731
0.25095
0.19
0.25564
0.15533
0.16867
0.30585
0.07058
0.40813
0.15474
0.27608
0.21809
0.2267
0.26407
0.15587
0.22955
0.17916
0.15139
0.33477
0.2684
0.2902
0.33001
0.18318
0.16511
0.18224
0.2067
0.09164
0.22792
0.24598
0.84999
0.21814
0.1988
0.064512
0.30116
0.4049
0.53972
0.38959
0.24308
0.30738
0.37038
0.43205
0.30026
0.45079
0.2953
0.41459
0.18846
0.21521
0.2679
0.28377
0.36581
0.22945
0.33382
0.11686
0.24483
0.19049
0.25648
0.20072
0.34908
0.33913
0.37663
0.36346
0.39063
0.24251
0.44772
0.37895
0.41436
0.27202
0.47402
0.27429
0.35577
0.31257
0.32881
0.38461
0.25515
0.42694
0.24401
0.27925
0.38661
0.29344
0.23307
0.19522
0.38198
0.36826
