0.1859
0.21949
0.13969
0.23394
0.29586
0.15277
0.16123
0.098349
0.15001
0.14375
0.30647
0.36176
0.33316
0.12308
0.30691
0.20373
0.23116
0.18301
0.29041
0.17419
0.1077
0.11616
0.28772
0.29493
0.35983
0.15172
0.14757
0.23366
0.17351
0.21022
0.21341
0.1016
0.17658
0.16337
0.14789
0.15238
0.18
0.072529
0.20078
0.21498
0.21422
0.28982
0.22253
0.14956
0.23379
0.3004
0.22089
0.27447
0.10219
0.15638
0.16066
0.27327
0.82624
0.11937
0.25685
0.2561
0.21511
0.14972
0.15217
0.19214
0.87843
0.30968
0.30097
0.17579
0.37371
0.24101
0.20373
0.23676
0.19422
0.25681
0.26436
0.36047
0.48124
0.16465
0.33064
0.1638
0.23528
 
0.36423
0.19947
0.19994
0.31691
0.23005
0.2809
0.16675
0.25483
0.13666
0.22748
0.2411
0.22972
0.23294
0.19612
0.2019
0.27113
0.17859
0.16915
0.25513
0.11275
0.37295
0.14167
0.25504
0.22696
0.26276
0.22589
0.42733
0.22065
0.26775
0.38616
0.19353
0.2142
0.30233
0.17332
0.27814
0.19401
0.26063
0.37722
0.33068
0.26618
0.3968
0.25458
0.44115
0.36087
0.21481
0.22836
0.37512
0.33768
0.39517
0.20719
0.29023
0.24985
0.38031
0.43714
0.34309
0.2312
0.24973
0.17872
0.2057
0.32863
0.22167
0.19375
0.1644
0.13643
0.12916
0.10951
0.18445
0.17385
0.22042
0.125
0.060009
0.2768
0.14607
0.24832
0.26555
0.29865
0.28191
0.18759
0.21728
0.14228
0.20618
0.20726
0.22579
0.11379
0.16362
0.26862
0.16385
0.13181
0.67056
0.14683
0.27556
0.11425
0.18368
0.11308
0.25772
0.18285
0.36521
0.078098
0.10959
0.18045
0.1765
0.12468
0.20739
0.1436
0.2521
0.21677
0.26025
0.16847
0.13464
0.18433
0.19157
0.19702
0.31037
0.093225
0.40962
0.24422
0.22067
0.17418
0.24947
0.13611
0.4166
0.14803
0.21406
0.16264
0.27391
0.23827
0.12505
0.14499
0.19549
0.29779
0.20471
0.25469
0.10787
0.18429
0.18798
0.091557
0.15507
0.20624
0.20795
0.1508
0.21491
0.16721
0.16801
0.15262
0.11918
0.16999
0.15261
0.20419
0.15774
0.22754
0.16214
0.17295
0.24652
0.19
0.25601
0.19849
0.16867
0.33019
0.073371
0.40898
0.14941
0.27929
0.21916
0.22711
0.26435
0.15866
0.32299
0.16156
0.14143
0.33186
0.3145
0.29165
0.3286
0.18318
0.17383
0.19605
0.21272
0.09164
0.23711
0.24691
0.8533
0.22554
0.17953
0.06504
0.31294
0.40655
0.54117
0.3922
0.24885
0.30825
0.37724
0.43327
0.31629
0.45195
0.30136
0.41674
0.18897
0.23933
0.29308
0.28459
0.36581
0.26281
0.3361
0.11723
0.24497
0.19049
0.25648
0.20145
0.34999
0.35487
0.39002
0.36346
0.39224
0.25204
0.36326
0.37895
0.41464
0.27582
0.45831
0.27548
0.35608
0.3132
0.33179
0.38601
0.3881
0.42694
0.27127
0.28168
0.38661
0.30632
0.23389
0.18319
0.37551
0.37889
