0.17388
0.20687
0.14131
0.22539
0.27195
0.15315
0.15876
0.096599
0.14497
0.13768
0.28695
0.33506
0.31141
0.12069
0.29
0.19554
0.20923
0.1719
0.27561
0.16887
0.10484
0.11147
0.25817
0.27438
0.31895
0.15001
0.1433
0.21623
0.16468
0.1946
0.20601
0.098948
0.17028
0.15698
0.14204
0.15071
0.17461
0.070158
0.21532
0.20541
0.19196
0.27228
0.21871
0.1448
0.22537
0.23145
0.21555
0.25664
0.10357
0.16737
0.28155
0.24052
0.17815
0.12453
0.23531
0.23529
0.19667
0.14191
0.14775
0.18359
0.28184
0.2947
0.28608
0.16929
0.3527
0.2208
0.19684
0.22305
0.1897
0.24189
0.25799
0.34627
0.43356
0.1572
0.31442
0.16209
0.23135
-
0.33032
0.19263
0.19477
0.28739
0.22293
0.2647
0.16376
0.23836
0.13266
0.21811
0.22661
0.2184
0.22785
0.19209
0.18808
0.221
0.16836
0.16525
0.2438
0.11119
0.34398
0.14021
0.24258
0.22124
0.2534
0.22012
0.41091
0.21525
0.25124
0.35334
0.18701
0.20064
0.28586
0.15534
0.27468
0.18654
0.24589
0.3626
0.31495
0.26151
0.38247
0.23605
0.39631
0.34124
0.19861
0.22421
0.35613
0.31869
0.36843
0.20095
0.26731
0.22713
0.37333
0.40175
0.33696
0.22671
0.23734
0.17903
0.18883
0.3117
0.20891
0.18875
0.20719
0.13678
0.12692
0.19924
0.17923
0.16676
0.17584
0.12733
0.063688
0.26192
0.14707
0.24345
0.2524
0.28307
0.26886
0.18636
0.19673
0.13611
0.18668
0.20049
0.21801
0.11394
0.16173
0.25471
0.15362
0.12066
0.23003
0.16278
0.25415
0.11385
0.17394
0.11259
0.24551
0.17073
0.3538
0.077291
0.10552
0.18079
0.16521
0.12312
0.20067
0.14049
0.22697
0.20624
0.24435
0.17788
0.12634
0.18217
0.18814
0.17257
0.28825
0.091539
0.39183
0.22492
0.20881
0.18879
0.24178
0.1338
0.37013
0.14437
0.19742
0.15511
0.25794
0.22129
0.12023
0.14463
0.1823
0.28466
0.19911
0.24574
0.10437
0.18303
0.1762
0.095647
0.1495
0.20462
0.19999
0.15183
0.20842
0.15803
0.15925
0.1475
0.12215
0.16266
0.1475
0.18688
0.15582
0.20382
0.16426
0.16795
0.23566
0.17685
0.23012
0.19073
0.16166
0.31251
0.075257
0.38796
0.14537
0.26327
0.20692
0.21477
0.24995
0.16175
0.32904
0.14844
0.13938
0.30461
0.30636
0.26498
0.31903
0.17516
0.17165
0.19309
0.20185
0.089385
0.22296
0.24357
0.36613
0.22616
0.17805
0.35137
0.30624
0.38208
0.50635
0.36712
0.24248
0.29564
0.36401
0.4026
0.28868
0.40488
0.2772
0.39245
0.18985
0.24195
0.27588
0.25889
0.35547
0.25576
0.32984
0.11775
0.23879
0.18091
0.24075
0.18867
0.33138
0.33974
0.37495
0.34792
0.37379
0.23757
0.35055
0.3709
0.38901
0.27115
0.42341
0.25909
0.34498
0.29094
0.29927
0.36604
0.37068
0.41376
0.2556
0.26645
0.36618
0.2939
0.23171
0.17263
0.3366
0.34432
