0.17246
0.20684
0.14112
0.22661
0.27094
0.14963
0.15876
0.096352
0.14423
0.13751
0.28691
0.33421
0.31131
0.12018
0.28915
0.19548
0.20774
0.1718
0.27411
0.16808
0.10137
0.11059
0.25685
0.27373
0.31865
0.1485
0.14186
0.21623
0.16612
0.1914
0.20593
0.098511
0.16872
0.15697
0.1418
0.15057
0.17366
0.068824
0.19017
0.20507
0.19196
0.27182
0.21774
0.14374
0.22526
0.22925
0.21542
0.25659
0.10349
0.16737
0.28155
0.24052
0.17784
0.12061
0.2345
0.23488
0.1966
0.14185
0.14768
0.18181
0.28175
0.29449
0.28367
0.16866
0.35257
0.22025
0.19523
0.2206
0.18957
0.25892
0.2579
0.34427
0.43347
0.15707
0.31398
0.16096
0.23099
-
0.33004
0.19208
0.19429
0.28739
0.22072
0.26469
0.16343
0.23827
0.13174
0.21811
0.22656
0.21741
0.22719
0.18954
0.18778
0.21645
0.16706
0.16514
0.2404
0.10772
0.34374
0.13936
0.24024
0.22124
0.2534
0.22007
0.41078
0.21479
0.24916
0.35327
0.1852
0.19855
0.28562
0.15463
0.27456
0.18615
0.24525
0.36209
0.31487
0.26105
0.38222
0.23508
0.39592
0.34088
0.19825
0.22361
0.35588
0.31625
0.36796
0.20089
0.26728
0.22623
0.37041
0.40007
0.3366
0.225
0.23729
0.17448
0.18883
0.3117
0.20861
0.18675
0.20551
0.13427
0.12515
0.19281
0.177
0.16643
0.17578
0.12535
0.059457
0.26209
0.14513
0.24297
0.25236
0.28251
0.26831
0.18366
0.19654
0.13359
0.18444
0.19986
0.21769
0.11391
0.16172
0.25458
0.15358
0.12064
0.22956
0.14623
0.25346
0.11308
0.17336
0.11089
0.24548
0.16936
0.35371
0.077291
0.10514
0.17943
0.16515
0.12191
0.2005
0.14024
0.22677
0.20624
0.5589
0.177
0.1261
0.18169
0.18767
0.17149
0.28806
0.090346
0.39169
0.22444
0.20868
0.17316
0.24038
0.13322
0.37013
0.14408
0.19688
0.15502
0.25689
0.22084
0.11949
0.14195
0.18189
0.28378
0.19901
0.24574
0.1042
0.18213
0.17609
0.09505
0.1495
0.20449
0.19988
0.15162
0.20831
0.1575
0.15897
0.14567
0.12441
0.15913
0.14715
0.18618
0.15517
0.20382
0.15522
0.16687
0.2351
0.17564
0.22994
0.19073
0.16032
0.3122
0.073112
0.38787
0.14537
0.26317
0.20684
0.21414
0.24987
0.15955
0.32874
0.14838
0.13931
0.30413
0.29956
0.26474
0.31893
0.17497
0.17097
0.18614
0.20148
0.089018
0.22277
0.24357
0.36327
0.22089
0.17801
0.35103
0.30606
0.38164
0.50576
0.36672
0.24177
0.2956
0.36391
0.42999
0.28848
0.40471
0.27716
0.39243
0.18895
0.21782
0.27552
0.25838
0.35542
0.2557
0.32981
0.11575
0.23839
0.18047
0.24039
0.18846
0.33098
0.33952
0.37494
0.34786
0.37294
0.23754
0.35054
0.37084
0.38895
0.27046
0.42341
0.25909
0.34486
0.29075
0.29926
0.36538
0.37056
0.41342
0.25511
0.26602
0.36241
0.29387
0.23084
0.17258
0.33657
0.34418
