0.17392
0.20684
0.13762
0.2228
0.27071
0.15583
0.15876
0.097232
0.14423
0.13751
0.28691
0.33421
0.31131
0.12018
0.28915
0.19504
0.20774
0.1727
0.27355
0.16808
0.10312
0.11212
0.25685
0.27373
0.31915
0.14864
0.14473
0.21715
0.16273
0.1914
0.20593
0.098511
0.16879
0.15697
0.14381
0.15225
0.17628
0.067356
0.19767
0.2074
0.19256
0.27191
0.21774
0.14374
0.22526
0.23524
0.21658
0.25746
0.10611
0.16737
0.16333
0.2416
0.17825
0.1109
0.2345
0.23617
0.197
0.14263
0.14955
0.18579
0.28023
0.29373
0.28791
0.16788
0.35144
0.22025
0.19688
0.22427
0.19057
0.25822
0.2579
0.34647
0.43435
0.15622
0.31398
0.16096
0.23133
-
0.33004
0.19208
0.19429
0.28739
0.22029
0.26469
0.16343
0.24036
0.13202
0.21811
0.22842
0.21741
0.22719
0.18954
0.18893
0.22691
0.16691
0.16414
0.2404
0.10772
0.34181
0.13941
0.24343
0.22124
0.2551
0.22007
0.41135
0.21496
0.25106
0.35327
0.18502
0.20209
0.28562
0.15594
0.27533
0.18615
0.24525
0.36209
0.31487
0.26105
0.38222
0.23508
0.39736
0.34219
0.19652
0.22361
0.35588
0.31984
0.36796
0.20173
0.26728
0.22623
0.37065
0.40007
0.3366
0.22519
0.23843
0.17944
0.19054
0.31259
0.20674
0.18675
0.15731
0.1341
0.1253
0.10641
0.17682
0.16643
0.17447
0.12784
0.059587
0.26027
0.14486
0.23291
0.25311
0.28251
0.26841
0.18705
0.19654
0.13658
0.18631
0.19986
0.21769
0.11611
0.15574
0.25458
0.15432
0.11968
0.23005
0.14525
0.25346
0.11434
0.17335
0.11089
0.24593
0.17294
0.35317
0.076571
0.10399
0.18175
0.16515
0.1206
0.2005
0.13972
0.22677
0.20547
0.24551
0.1724
0.12884
0.18169
0.18622
0.17146
0.28827
0.090212
0.38864
0.22411
0.20881
0.17316
0.24193
0.13714
0.37063
0.14485
0.19806
0.15502
0.25823
0.2188
0.11895
0.14195
0.18195
0.28378
0.19744
0.24574
0.1042
0.18213
0.17609
0.095348
0.15038
0.20612
0.19935
0.15225
0.20904
0.1575
0.15919
0.147
0.11897
0.15913
0.14596
0.18993
0.15614
0.20504
0.15871
0.168
0.23698
0.17564
0.22994
0.18989
0.16164
0.3122
0.074211
0.38814
0.1464
0.2635
0.20684
0.21414
0.24865
0.15519
0.32501
0.14838
0.14011
0.30413
0.29956
0.26496
0.31975
0.17521
0.166
0.19262
0.20248
0.087013
0.22365
0.24357
0.3886
0.22198
0.1765
0.061345
0.30485
0.38164
0.50714
0.37162
0.24289
0.29636
0.36045
0.40398
0.28943
0.40566
0.27758
0.39174
0.18387
0.21823
0.27562
0.25898
0.35542
0.2557
0.32981
0.11587
0.23796
0.18059
0.24143
0.18939
0.33098
0.34044
0.37412
0.34867
0.37424
0.23754
0.34973
0.36219
0.38812
0.27046
0.42341
0.25909
0.34486
0.29177
0.29995
0.36538
0.37082
0.41345
0.25511
0.26558
0.39335
0.29387
0.23084
0.17302
0.33657
0.34516
